057869
057905
057941
057977
058001
058072
058147
058167
058185
058233
058329
058380
058383
058401
058413
058436
058487
058568
058679
058732
058752
058764
058788
058860
058939
058999
059035
059190
059421
059772
060029
060065
060145
060331
060487
060512
060560
060680
060945
061417
061752
061777
061801
061921
062113
062341
062536
062647
062806
062921
062945
062950
062955
062981
062989
063017
063040
063126
063238
063303
063339
063572
063891
064211
064563
064824
065023
065134
065206
065231
065280
065328
065375
065405
065434
065467
065504
065524
065551
065587
065621
065664
065707
065744
065765
065833
065917
065942
065972
066006
066025
066190
066437
066524
066567
066587
066741
066917
067009
067103
067160
067236
067348
067474
067544
067720
067984
068133
068184
068231
068273
068309
068330
068358
068393
068423
068460
068478
068545
068630
068753
068866
068942
068984
069037
069060
069104
069164
069234
069358
069477
069818
070242
070423
070515
070633
070749
070825
070917
071192
071418
071494
071566
071656
071746
071883
072212
072510
072568
072575
072625
072776
072924
072960
072984
073020
073064
073112
073148
073178
073380
073563
073616
073682
073758
073831
073903
073971
074053
074256
074456
074627
074800
074927
075109
075249
075319
075362
075398
075434
075543
075643
075727
075831
075916
075990
076045
076074
076094
076152
076196
076250
076319
076348
076378
076414
076451
076494
076536
076578
076649
076699
076726
076771
076838
076890
076896
076901
076948
076993
077033
077110
077157
077217
077273
078487
079810
079988
080107
080581
080998
081037
081083
081143
081203
081241
081283
081427
081597
081692
081810
081978
082128
082337
082699
083060
083258
083537
083853
084063
084273
084426
084536
084889
085277
085476
085724
085984
086191
086380
086492
086516
086576
086622
086763
086899
086995
087094
087155
087179
087251
087328
087343
087367
087391
087704
088089
088230
088385
088578
088688
088709
088746
088792
088798
088816
088838
088910
089030
089191
089310
089496
089752
090028
090404
090625
090685
090784
090942
091125
091209
091245
091286
091346
091454
091799
092194
092958
093733
093972
094303
094527
094562
094603
094675
094765
094807
094818
094831
094869
094913
094943
094971
095039
095177
095382
095538
095668
095797
095922
096086
096251
096372
096479
096543
096558
096654
096740
096773
096832
096889
096907
096962
097010
097022
097028
097052
097070
097097
097128
097165
097184
097218
097274
097358
097431
097451
097459
097469
097476
097486
097498
097510
097561
097590
097593
097606
097648
097716
097760
097811
097842
097848
097855
097914
097984
098044
098066
098118
098197
098216
098242
098281
098293
098329
098348
098378
098408
098450
098518
098535
098538
098545
098558
098572
098590
098597
098619
098690
098793
098999
099176
099200
099228
099312
099370
099409
099440
099488
099558
099623
099676
099761
099826
099895
099970
100044
100113
100170
100219
100328
100437
100480
100520
100568
100606
100654
100759
100866
100991
101179
101405
101576
101682
101806
101905
101975
102008
102020
102083
102216
102526
102751
102762
102784
102856
102928
102940
102952
103000
103048
103068
103079
103341
103632
103680
103716
103800
103896
103920
103956
104016
104076
104100
104138
104181
104217
104246
104317
104374
104422
104451
104536
104617
104658
104717
104760
104854
104974
105027
105053
105065
105113
105285
105545
105680
105746
105821
105883
105927
105964
105976
105987
106021
106070
106113
106137
106173
106206
106264
106336
106392
106620
106829
106862
106909
106932
107016
107243
107410
107443
107515
107673
107801
107808
107813
107832
107863
107883
107930
108056
108197
108256
108308
108318
108328
108336
108407
108726
109119
109323
109400
109509
109583
109628
109671
109872
110228
110437
110478
110737
111070
111181
111213
111266
111352
111373
111379
111387
111430
111472
111485
111502
111509
111533
111554
111574
111581
111589
111597
111615
111623
111631
111673
111720
111866
112339
112672
112718
112760
112817
112870
113070
113283
113352
113400
113425
113479
113549
113632
113699
113723
113727
113747
113769
113791
113813
114218
114670
114723
114753
114787
114931
115163
115699
116191
116490
116796
117029
117439
117875
118107
118143
118179
118269
118322
118353
118485
118763
118956
118980
119019